88 2 .6 2 .05
12. 0.907 3.741 1
12. 0.761 2.295 1
12. 1.108 1.498 1
12. 1.016 2.881 1
12. 1.189 0.76 1
9. 1.001 3.12 1
9. 1.231 0.638 1
9. 1.123 1.17 1
12. 1.042 2.358 1
12. 1.215 0.606 1
12. 0.930 3.669 1
12. 1.152 1.00 1
15. 1.138 0.981 1
18. 0.601 1.192 1
7.5 0.696 0.926 1
12. 0.686 1.59 1
12. 1.072 1.806 1
15. 1.074 1.962 1
15. 0.934 4.028 1
9. 0.808 3.148 1
9. 1.071 1.836 1
7.5 1.009 2.845 1
7.5 1.142 1.013 1
18. 1.229 0.414 1
18. 1.175 0.812 1
15. 0.568 0.374 1
15. 0.977 3.623 1
7.5 0.767 1.869 1
7.5 1.006 2.836 1
9. 0.893 3.567 1
15. 1.152 0.866 1
15. 0.693 1.369 1
15. 1.232 0.542 1
15. 1.036 2.739 1
15. 1.125 1.20 1
9. 1.081 1.719 1
9. 0.868 3.423 1
7.5 0.762 1.634 1
7.5 1.144 1.021 1
7.5 1.045 2.157 1
18. 0.797 3.361 1
18. 1.115 1.39 1
18. 1.070 1.947 1
18. 1.219 0.962 1
9. 0.637 0.571 1
9. 0.733 2.219 1
9. 0.715 1.419 1
9. 0.872 3.519 1
7.5 0.765 1.732 1
7.5 0.878 3.206 1
7.5 0.811 2.471 1
15. 0.676 1.777 1
18. 1.045 2.571 1
18. 0.968 3.952 1
15. 0.846 3.931 1
15. 0.684 1.587 1
7.5 0.729 1.397 1
7.5 0.911 3.536 1
7.5 0.808 2.202 1
7.5 1.168 0.756 1
7.5 0.749 1.62 1
7.5 0.892 3.656 1
7.5 1.002 2.964 1
18. 0.812 3.76 1
18. 1.230 0.672 1
18. 0.804 3.677 1
12. 0.813 3.517 1
12. 1.002 3.29 1
9. 0.696 1.139 1
9. 1.199 0.727 1
9. 1.030 2.581 1
15. 0.602 0.923 1
15. 0.694 1.527 1
15. 0.816 3.388 1
15. 1.037 2.085 1
15. 1.181 0.966 1
7.5 0.899 3.488 1
7.5 1.227 0.754 1
9. 1.180 0.797 1
7.5 0.795 2.064 1
18. 0.990 3.732 1
18. 1.201 0.586 1
7.5 0.629 0.561 1
9. 0.608 0.563 1
12. 0.584 0.678 1
15. 0.562 0.37 1
18. 0.535 0.53 1
18. 0.655 1.90 1
